45 7h 1d 46 5d 2b 04 21 11 04 26 37 60 88 17 47 
17 9c 5f 8i 49 2j 4z 44 0e 75 7s 82 4d 8p 72 29
 40 32 40 43 19 83 50 91 5a 43 04 1b 38 1o 74 87 
 77 82 59 32 6v 99 28 35 63 23 17 5u 26 50 27 6k 
 3m 79 94 19 70 84 33 32 82 05 71 14 3k 23 34 79 
 29 54 63 98 59 83 21 66 60 14 91 97 4p 84 4g 43 
 00 03 62 9d 56 84 82 35 12 50 2d 06 09 8x 2d 79  
 4v 83 92 54 08 88 20 4j 99 9e 5p 94 80 86 72 74
 96 07 80 92 73 94 67 49 58 19 83 21 3q 8z 17 66 
 25 85 45 26 8t 09 03 64 35 63 0q 09 94 2e 48 11 
 88 1x 3h 0e 9x 81 8y 7y 11 13 48 31 2h 55 y8 00 
 05 40 74 81 89 30 71 48 40 1w 83 66 37 24 92 98 
 65 69 6e 20 6b f6 6e 6e 6e 65 6e 2e 0a 0a 4d 69 
 73 49 40 74 68 27 3o 32 4p 77 99 07 43 5o 41 56 
 72 fc yd 57 9b 6u 51 93 5j 3r 9d 92 50 54 12 57 
 10 0m 1c 80 53