Von Burkhard Ulman:
68752734 78703073 19425273 64103019 17991795 33258639 47291845 65453693 
46030968 98529896 72351199 64058755 63928642 78448942 48102774 35274216 
44652851 83001215 33386368 84615408 85540310 06677074 75592839 43028290 
44808517 59404536 01274562 40112965 44702655 06480542 40505811 64584839 
11661791 93682066 29897499 63166100 93890436 41120532 78327502 47301195 
14265277 30225282 77281557 24660179 65910560 17335368 85814319 08872460 
59665883 71944940 63102246 92901889 15566532 22514663 76606440 48642747 
56221872 98430772 27856792 03138468 38929719 92368822 39973121 84853102 
08494396 00239999 11817031 44685266 99377290 51850881 13117230 64614790 
20423547 49020325 73476058 15947229 14125310 57533013 69878297 72510228 
90839012 81982052 06853494 36561664 71764027 13742641 48044248 53165338 
53207644 90603589 66338181 97239707 77798664 83094636 39132955 25277309 
07969784 91307682 19304177 32534150 27092329 41326856 49792736 17297161 
16730400 77436415 12233168 59637255 41139581 84302491 19487349 51632390 

Der letzte Satz ist der vorherige Satz und erscheint sinnlos, wenn er
nicht interpretiert werden kann.
25503224 19488353 entspricht dann  zum Beispiel 01.

Aber wer bitte wollte sowas schon ernsthaft lesen wollen ? ;-))